traffic light:
  X_w: 2.606746694831148
  Y_w: 1.63388483108779
  Z_w: 1.158232713038786
  size: 0.03
  obstacle: false
bulb:
  X_w: 1.60825482749031
  Y_w: -0.1353786574957112
  Z_w: 0.1393943079488914
  size: 0.05
  obstacle: true
cctv:
  X_w: -0.1783822304696479
  Y_w: -1.964416945449662
  Z_w: 1.583806829070869
  size: 0.05
  obstacle: false